%YAML:1.0
---

can0:
  - 0x312
  - 0x313
  - 0x314
  - 0x315
  - 0x316
  - 0x321